Min: 0.679182153043
Max: 1.99841020396
Mean: 1.4617616636317166
Median: 1.5689391104800001
Mode: [1.10649472 0.67918215 1.99429602 1.68698978]
Var: 0.4745228152969011
Std: 0.22517190223729694
Skew: [ 0.18404209  0.17815938 -0.48756217 -0.71024764]
Kurtosis: [-0.6042826  -0.65389361 -0.63450864  0.4371124 ]
Q25: 1.053496802944
Q50: 1.5689391104800001
Q75: 1.88448285897
